#T Rnom Rmin Rmax deltaR/R deltaT alpha
-20.0 60879 57801 63957 5.1 1.0 5.0
-15.0 47563 45290 49836 4.8 1.0 4.9
-10.0 37450 35759 39140 4.5 1.0 4.7
-5.0 29706 28441 30971 4.3 0.9 4.6
0.0 23730 22778 24683 4.0 0.9 4.4
5.0 19085 18365 19806 3.8 0.9 4.3
10.0 15449 14901 15998 3.6 0.9 4.2
15.0 12583 12164 13002 3.3 0.8 4.0
20.0 10309 9988 10631 3.1 0.8 3.9
25.0 8495 8247 8742 2.9 0.8 3.8
30.0 7037 6846 7229 2.7 0.7 3.7
35.0 5860 5712 6009 2.5 0.7 3.6
40.0 4905 4790 5020 2.3 0.7 3.5
45.0 4125 4035 4214 2.2 0.6 3.4
50.0 3485 3415 3555 2.0 0.6 3.3
55.0 2957 2893 3022 2.2 0.7 3.2
60.0 2521 2462 2579 2.3 0.7 3.2
65.0 2157 2103 2211 2.5 0.8 3.1
70.0 1853 1804 1902 2.6 0.9 3.0
75.0 1598 1554 1643 2.8 1.0 2.9
80.0 1384 1343 1424 2.9 1.0 2.8
85.0 1202 1165 1239 3.1 1.1 2.8
90.0 1048 1014 1081 3.2 1.2 2.7
95.0 916.4 885.8 947.0 3.3 1.3 2.6
100.0 804.1 776.2 832.0 3.5 1.3 2.6
105.0 707.7 682.3 733.2 3.6 1.4 2.5
110.0 624.7 601.5 648.0 3.7 1.5 2.5
115.0 553.1 531.9 574.4 3.8 1.6 2.4
120.0 491.1 471.6 510.5 4.0 1.7 2.4