-55.0
-50.0
-45.0
-40.0
-35.0
-30.0
-25.0
-20.0
-15.0
-10.0
-5.0
0.0
5.0
10.0
15.0
20.0
25.0
30.0
35.0
40.0
45.0
50.0
55.0
60.0
63.225
45.46
33.07
24.324
18.081
13.575
10.29
7.8716
6.0739
4.7258
3.7062
2.9287
2.3311
1.8684
1.5075
1.224
1.0000
0.82176
0.67909
0.56422
0.47122
0.3955
0.33355
0.2826
6.7
6.5
6.3
6.0
5.8
5.6
5.4
5.3
5.1
4.9
4.8
4.6
4.5
4.4
4.2
4.1
4.0
3.9
3.8
3.7
3.6
3.5
3.4
3.3
65.0
70.0
75.0
80.0
85.0
90.0
95.0
100.0
105.0
110.0
115.0
120.0
125.0
130.0
135.0
140.0
145.0
150.0
155.0
160.0
165.0
170.0
175.0
180.0
0.24049
0.20553
0.17637
0.15195
0.13141
0.11406
0.099352
0.086837
0.076149
0.066989
0.059112
0.052316
0.046433
0.041327
0.03688
0.032998
0.029598
0.026612
0.023984
0.021665
0.019613
0.017793
0.016176
0.014735
3.2
3.1
3.0
2.9
2.9
2.8
2.7
2.7
2.6
2.5
2.5
2.4
2.4
2.3
2.3
2.2
2.2
2.1
2.1
2.0
2.0
1.9
1.9
1.8
185.0
190.0
195.0
200.0
205.0
210.0
215.0
220.0
225.0
230.0
235.0
240.0
245.0
250.0
255.0
260.0
265.0
270.0
275.0
280.0
285.0
290.0
295.0
300.0
0.013448
0.012297
0.011265
0.010338
0.009504
0.0087516
0.0080718
0.0074567
0.0068989
0.0063925
0.0059318
0.005512
0.005129
0.004779
0.0044586
0.004165
0.0038955
0.0036478
0.0034199
0.0032098
0.003016
0.002837
0.0026714
0.002518
1.8
1.8
1.7
1.7
1.7
1.6
1.6
1.6
1.5
1.5
1.5
1.5
1.4
1.4
1.4
1.4
1.3
1.3
1.3
1.3
1.2
1.2
1.2
1.2
