-55.00	632250.00	1787
-50.00	454600.00	1782
-45.00	330700.00	1775
-40.00	243240.00	1766
-35.00	180810.00	1754
-30.00	135750.00	1740
-25.00	102900.00	1721
-20.00	78716.00	1699
-15.00	60739.00	1671
-10.00	47258.00	1637
-5.00	37062.00	1597
0.00	29287.00	1551
5.00	23311.00	1498
10.00	18684.00	1438
15.00	15075.00	1372
20.00	12240.00	1301
25.00	10000.00	1224
30.00	8217.60	1145
35.00	6790.90	1064
40.00	5642.20	982
45.00	4712.20	901
50.00	3955.00	823
55.00	3335.50	747
60.00	2826.00	676
65.00	2404.90	609
70.00	2055.30	548
75.00	1763.70	491
80.00	1519.50	440
85.00	1314.10	393
90.00	1140.60	352
95.00	993.52	314
100.00	868.37	281
105.00	761.49	251
110.00	669.89	225
115.00	591.12	201
120.00	523.16	180
125.00	464.33	162
130.00	413.27	145
135.00	368.80	131
140.00	329.98	118
145.00	295.98	107
150.00	266.12	96
155.00	239.84	87
160.00	216.65	79
165.00	196.13	72
170.00	177.93	66
175.00	161.76	60
180.00	147.35	55
